6
506
13
500
21
496
27
489
36
488
39
479
40
470
48
466
52
458
61
455
67
448
76
450
79
441
86
434
87
425
95
420
104
421
113
422
122
419
130
414
138
409
141
400
150
402
159
403
164
395
172
401
180
397
204
406
211
400
216
392
221
384
230
385
232
376
255
359
273
337
280
318
305
309
311
317
320
319
327
326
335
332
343
327
351
322
358
316
356
307
355
298
373
281
377
273
382
265
384
256
374
255
376
226
385
223
392
203
400
191
403
166
402
157
405
148
412
142
404
136
424
114
439
100
449
73
461
46
470
45
476
38
479
29
488
28
